This is the result for IVFADC + G + P result on SIFT1B dataset

The resulf is tested on xgpe11

Construction Time: 
Quantizer: 


Test Result: 

16 bytes:                                                       
                                                                                               (error: Efsearch)
Nprobe:    10     10      20     30      40      50      60      70       80       80          90      100        90        100     110      120    130    140      150
Maxcodes:  10^5   5*10^4  10^5   10^5    10^5    10^5    10^5    10^5     10^5     1.5*10^5    2*10^5  2*10^5     2*10^5    2*10^5  2*10^5   2*10^5 2*10^5 2*10^5 2*10^5
recall@10: 0.5803 0.5803  0.681  0.7265  0.7545  0.7718  0.7865  0.7953   0.8022   0.8023      0.5788  0.5742     0.8112    0.8169  0.8216   0.8247 0.8296 0.8324  0.8351
Time(ms):  0.697  0.645   0.907  1.154   1.38    1.734   1.827   2.17     2.19     2.225       2.228   2.39       2.66      2.62    2.93     3.12   3.87   3.56    4.32

recall@1:  0.2996         0.334  0.349   0.357   0.3613  0.3655  0.3683            0.370                          0.3722    0.3743   0.3751  
Time:      0.618          0.977  1.249   1.36    1.586   1.799   2.184             2.415                          2.414     2.46     3.26


8 bytes



This is the result for IVFADC result on SIFT1B dataset

16 bytes: 

Nprobe:    10     20       30    40    50       60       70       80     90       100 
Maxcodes:                          
recall@10: 0.577  0.67    0.713  0.7377 0.752  0.764     0.77    0.777   0.78     0.790  
Time(ms):  0.661  1.09    1.35   1.74   2.01   2.31      2.60    2.58    3.29     3.57

recall@1: 0.2887 0.3174   0.33 0.3355 0.3389   0.3415  0.3429  0.3442   0.3442    0.3457 
Time:     0.733  1.175    1.43 1.71   2.00     2.2     2.33    2.829    3.122     3.23




The result for VQ on SIFT1M:
NC:                 100    500       1000    1500   2000     2500    3000    4000     5000    6000   7000     8000    9000 
Nprobe:              7     26        40      50      60      70      90      120      150     150    170      170     190
VisitedVectors:     84732  55167     43201   36736   33747   32157   34958   36034    37125   32069  31935    28735   
Convergence Recall: 0.6355 0.6733    0.6845  0.6873  0.6876  0.68    0.6832  0.6836   0.6736  0.6764 0.6704   0.6617  0.6627
Time(ms):           5.72   4.627     4.03    4.22    3.635   3.91488 3.94    4.17     4.49    4.54   4.53     4.65
Time index:         8.59   0.031     0.059   0.084   0.113   0.142   0.039   0.226    0.286   0.33   0.397    0.468
Time vectors:       5.71   4.59      3.967   4.13    3.51    3.768   3.94    3.917    4.20    4.206  4.14     4.48
Avg Distance:       202295 219080    218929  210554  205402  203754  203825  205552   206964  206439 208619   213291 


For 200 iterations:
NC:                   100     500     1000     1500   2000   2500     3000    4000    5000   6000   7000   8000   9000  10000
Nprobe:               8       20      35       45     51     75       86      110     146    140    140    140    140   148
VisitedVectors:       85114   42852   38019    33198  28874  31724    33490   33206   34802  30063  26643  23984  21858 21284
Convergence Recall:   0.6401  0.672   0.6806   0.6826 0.683  0.6812   0.683   0.683   0.6775 0.6739 0.6703 0.6617 0.6627 0.6528
Times:                6.864   4.478   3.582    3.36   3.18   3.33     3.913   3.922   4.657  4.44   4.29   4.39   4.27   4.44
Time Index:           0.01    0.036   0.057    0.083  0.128  0.138    0.185    0.226  0.329  0.397  0.446  0.541  0.587  0.663
Time Vectors:         6.85    4.43    3.52     3.279  3.06   3.197    3.724   3.692   4.32   4.046  3.841  4.005  3.68   3.772
Avg Distance:        203177  221441  219068   210318  205402 203754  203825  205552  206964 206439  208619 213291 210921 209934



Modified:
NC:                   100     500     1000     1500   2000   2500     3000    4000    5000   6000   7000   8000   9000  10000
Nprobe:               8       20      35       45     51     75       86      110     146    140    140    140    140   148
VisitedVectors:       85114   42852   38019    33198  28874  31724    33490   33206   34802  30063  26643  23984  21858 21284
Convergence Recall:   0.6401  0.672   0.6806   0.6826 0.683  0.6812   0.683   0.683   0.6775 0.6739 0.6703 0.6617 0.6627 0.6528
Times:                6.87    3.512   3.164    2.836  2.576  2.826    3.06    3.12    3.458   3.204  3.236   3.02  3.13   3.02
Time Index:           0.03    0.1     0.164    0.246  0.376  0.406    0.530   0.682   0.97   1.20    1.5    1.6    1.8    1.95
Time Vectors:         6.85    3.44    3.05     2.67   2.32   2.55     2.69    2.67    2.80   2.41    2.244  1.93   1.909   1.71
Avg Distance:        203177  221441  219068   210318  205402 203754  203825  205552  206964 206439  208619 208291 209221 209934




The result for VQ VQ on SIFT1M:
NC:                100, 2    100,5   100, 8  100, 10  100, 15  100,20   100, 25   100,30   100,35  100,40  100,45  100,50
Nprobe:
VisitedVectors:
Convergence Recall:
Time(ms):
Time index:
Time vectors:
Avg Distance:











